0.00448237,
-0.00509078,
-0.00280529,
-0.00135019,
-0.00032872,
0.00047857,
0.00115821,
0.00171295,
0.00209204,
0.00223169,
0.00206931,
0.00157972,
0.00077701,
-0.00026526,
-0.00142386,
-0.00253543,
-0.00341930,
-0.00390547,
-0.00385522,
-0.00320154,
-0.00196284,
-0.00024247,
0.00175996,
0.00377552,
0.00549796,
0.00662984,
0.00690828,
0.00618307,
0.00442233,
0.00174698,
-0.00156375,
-0.00510704,
-0.00838574,
-0.01087878,
-0.01210335,
-0.01169563,
-0.00947519,
-0.00548884,
-0.00004835,
0.00629664,
0.01276484,
0.01846834,
0.02242088,
0.02375916,
0.02174757,
0.01592585,
0.00621604,
-0.00711464,
-0.02339948,
-0.04162124,
-0.06049544,
-0.07861190,
-0.09453719,
-0.10697114,
-0.11487527,
0.88241391,
-0.11487527,
-0.10697114,
-0.09453719,
-0.07861190,
-0.06049544,
-0.04162124,
-0.02339948,
-0.00711464,
0.00621604,
0.01592585,
0.02174757,
0.02375916,
0.02242088,
0.01846834,
0.01276484,
0.00629664,
-0.00004835,
-0.00548884,
-0.00947519,
-0.01169563,
-0.01210335,
-0.01087878,
-0.00838574,
-0.00510704,
-0.00156375,
0.00174698,
0.00442233,
0.00618307,
0.00690828,
0.00662984,
0.00549796,
0.00377552,
0.00175996,
-0.00024247,
-0.00196284,
-0.00320154,
-0.00385522,
-0.00390547,
-0.00341930,
-0.00253543,
-0.00142386,
-0.00026526,
0.00077701,
0.00157972,
0.00206931,
0.00223169,
0.00209204,
0.00171295,
0.00115821,
0.00047857,
-0.00032872,
-0.00135019,
-0.00280529,
-0.00509078,
0.00448237
